[[ 4  4  4 ...,  5  5  4]
 [ 5  5  5 ...,  6  6  5]
 [ 5  5  5 ...,  6  6  4]
 ..., 
 [12 12 11 ..., 12 12  7]
 [12 11 11 ..., 13 12  7]
 [11 11 10 ..., 12 12  7]]
[[ 4  4  4 ...,  7  7  6]
 [ 5  5  5 ...,  6  6  4]
 [ 5  5  5 ...,  7  7  5]
 ..., 
 [12 12 11 ..., 13 13  7]
 [11 11 11 ..., 12 13  7]
 [11 11 12 ..., 13 13  7]]
[[ 4  4  4 ...,  7  6  5]
 [ 5  5  5 ...,  7  6  5]
 [ 6  5  6 ...,  7  7  5]
 ..., 
 [10 11 11 ..., 13 12  7]
 [11 11 10 ..., 12 12  7]
 [11 11 10 ..., 12 11  6]]
[[ 4  4  4 ...,  6  6  5]
 [ 5  5  5 ...,  7  6  5]
 [ 6  5  5 ...,  7  7  5]
 ..., 
 [11 12 11 ..., 13 13  7]
 [11 11 11 ..., 13 12  7]
 [11 10 10 ..., 12 11  7]]
[[ 4  4  4 ...,  6  6  5]
 [ 5  5  5 ...,  7  7  5]
 [ 5  5  5 ...,  7  7  5]
 ..., 
 [11 11 11 ..., 12 12  7]
 [11 11 11 ..., 12 11  7]
 [11 11 11 ..., 11 11  6]]
[[ 4  4  4 ...,  6  6  5]
 [ 5  5  5 ...,  7  7  5]
 [ 5  6  5 ...,  7  7  5]
 ..., 
 [10 10 10 ..., 12 11  7]
 [12 12 11 ..., 11 11  6]
 [11 11 10 ..., 11 10  6]]
[[ 4  4  4 ...,  7  6  5]
 [ 5  5  5 ...,  7  6  5]
 [ 5  5  5 ...,  7  6  5]
 ..., 
 [11 10 10 ..., 11 11  6]
 [11 11 11 ..., 11 11  7]
 [11 11 11 ..., 11 11  6]]
[[ 4  4  4 ...,  6  6  5]
 [ 5  5  5 ...,  7  7  5]
 [ 5  5  5 ...,  7  7  5]
 ..., 
 [11 11 10 ..., 13 12  7]
 [10 10 10 ..., 13 12  7]
 [10 10 10 ..., 12 11  6]]
[[ 4  4  4 ...,  6  6  5]
 [ 5  5  5 ...,  7  6  5]
 [ 5  5  5 ...,  7  7  5]
 ..., 
 [11 10 11 ..., 12 11  7]
 [11 11 11 ..., 12 12  7]
 [10 10 11 ..., 11 11  6]]
[[ 4  4  4 ...,  6  6  5]
 [ 5  5  5 ...,  7  6  5]
 [ 5  5  5 ...,  7  7  5]
 ..., 
 [11 11 11 ..., 12 11  7]
 [11 11 11 ..., 12 11  7]
 [11 11 10 ..., 11 11  6]]
[[ 4  4  4 ...,  6  6  5]
 [ 6  5  5 ...,  7  6  5]
 [ 5  5  5 ...,  7  7  5]
 ..., 
 [10 10 11 ..., 11 11  7]
 [10 10 11 ..., 11 11  7]
 [10 11 10 ..., 11 11  6]]
[[ 4  4  4 ...,  6  6  5]
 [ 5  5  5 ...,  7  6  5]
 [ 5  5  5 ...,  7  7  5]
 ..., 
 [11 10 10 ..., 12 11  7]
 [11 10 10 ..., 12 11  7]
 [11 10 11 ..., 11 11  6]]
[[ 4  4  4 ...,  6  6  5]
 [ 5  5  5 ...,  6  6  4]
 [ 5  5  5 ...,  8  7  5]
 ..., 
 [11 11 11 ..., 13 12  7]
 [12 11 11 ..., 12 12  7]
 [12 11 11 ..., 13 12  7]]
[[ 4  4  4 ...,  6  6  5]
 [ 5  5  5 ...,  6  6  4]
 [ 5  5  5 ...,  7  6  4]
 ..., 
 [11 11 10 ..., 13 12  7]
 [11 10 10 ..., 12 11  7]
 [10 11 14 ..., 11 11  6]]
[[ 4  4  4 ...,  7  7  5]
 [ 5  5  5 ...,  7  7  5]
 [ 6  5  5 ...,  6  6  4]
 ..., 
 [11 10 11 ..., 13 12  7]
 [11 10 10 ..., 12 12  7]
 [10 10 10 ..., 11 11  7]]
[[ 4  4  4 ...,  6  7  5]
 [ 5  5  5 ...,  6  6  4]
 [ 5  5  5 ...,  7  7  5]
 ..., 
 [10 11 11 ..., 11 11  7]
 [11 11 11 ..., 12 11  6]
 [10 10 10 ..., 11 11  6]]
[[ 4  4  4 ...,  6  6  5]
 [ 6  5  5 ...,  6  6  5]
 [ 5  5  5 ...,  7  7  5]
 ..., 
 [11 11 11 ..., 12 11  6]
 [10 10 11 ..., 11 12  7]
 [10 10 10 ..., 11 11  6]]
[[ 5  5  4 ...,  6  6  5]
 [ 5  5  5 ...,  7  7  5]
 [ 6  5  5 ...,  7  6  5]
 ..., 
 [11 11 11 ..., 12 12  7]
 [11 11 11 ..., 12 11  7]
 [11 10 10 ..., 11 11  6]]
[[ 5  4  5 ...,  6  6  5]
 [ 5  5  5 ...,  7  6  5]
 [ 5  5  5 ...,  7  7  5]
 ..., 
 [11 11 11 ..., 12 12  7]
 [11 11 10 ..., 12 12  7]
 [11 11 11 ..., 11 11  7]]
[[ 4  4  4 ...,  6  6  4]
 [ 5  5  5 ...,  6  6  5]
 [ 5  5  5 ...,  7  7  5]
 ..., 
 [10 10 10 ..., 13 13  7]
 [10 10 10 ..., 12 12  7]
 [10 10 10 ..., 12 12  7]]
[[ 4  4  4 ...,  7  7  5]
 [ 6  6  5 ...,  6  6  4]
 [ 5  5  5 ...,  7  7  5]
 ..., 
 [11 11 10 ..., 12 11  6]
 [10 11 10 ..., 11 11  6]
 [10 10 10 ..., 11 11  7]]
[[ 4  4  4 ...,  6  6  4]
 [ 5  5  5 ...,  7  7  5]
 [ 5  5  5 ...,  7  7  5]
 ..., 
 [10 10 10 ..., 12 11  7]
 [11 11 10 ..., 13 12  7]
 [11 10 10 ..., 11 11  7]]
[[ 4  4  4 ...,  7  7  5]
 [ 6  5  5 ...,  6  6  5]
 [ 5  5  5 ...,  7  7  5]
 ..., 
 [10 10 10 ..., 12 11  7]
 [10 11 10 ..., 12 12  7]
 [10 10 10 ..., 12 12  7]]
[[ 4  4  4 ...,  6  6  4]
 [ 5  5  5 ...,  7  7  5]
 [ 5  5  5 ...,  7  7  5]
 ..., 
 [11 12 11 ..., 14 13  7]
 [12 12 12 ..., 12 12  6]
 [12 11 11 ..., 12 12  7]]
[[ 4  4  4 ...,  6  6  5]
 [ 5  5  5 ...,  7  7  5]
 [ 5  5  5 ...,  7  7  5]
 ..., 
 [11 10 10 ..., 12 12  7]
 [11 10 10 ..., 12 12  7]
 [10 11 11 ..., 11 11  6]]
[[ 4  4  4 ...,  7  6  5]
 [ 5  5  5 ...,  7  7  5]
 [ 5  5  5 ...,  7  6  5]
 ..., 
 [11 12 11 ..., 12 12  7]
 [10 10 11 ..., 12 12  6]
 [10 10 10 ..., 11 11  6]]
[[ 4  4  4 ...,  7  7  5]
 [ 5  5  5 ...,  6  6  5]
 [ 5  5  5 ...,  7  7  5]
 ..., 
 [11 11 10 ..., 13 12  7]
 [10 11 11 ..., 12 12  7]
 [10 10 10 ..., 11 11  7]]
[[ 4  4  4 ...,  7  7  5]
 [ 6  6  5 ...,  6  6  4]
 [ 5  5  5 ...,  7  7  4]
 ..., 
 [10 11 10 ..., 12 12  7]
 [10 10 10 ..., 12 12  7]
 [10 10 10 ..., 12 11  7]]
[[ 4  4  4 ...,  5  6  4]
 [ 5  5  5 ...,  7  6  5]
 [ 5  5  5 ...,  7  7  5]
 ..., 
 [11 11 11 ..., 12 12  6]
 [11 11 11 ..., 12 12  7]
 [10 10 10 ..., 12 12  7]]
[[ 3  4  4 ...,  7  7  5]
 [ 5  5  5 ...,  7  6  4]
 [ 5  5  5 ...,  7  7  5]
 ..., 
 [10 10 10 ..., 13 13  8]
 [11 10 11 ..., 12 13  7]
 [12 11 11 ..., 12 11  6]]
[[ 4  4  4 ...,  7  6  5]
 [ 5  5  5 ...,  6  6  5]
 [ 5  5  5 ...,  8  7  5]
 ..., 
 [10 11 11 ..., 12 12  7]
 [11 10 10 ..., 13 12  7]
 [11 10 10 ..., 12 12  7]]
[[ 4  4  4 ...,  7  7  5]
 [ 5  5  5 ...,  7  7  5]
 [ 5  5  5 ...,  7  7  5]
 ..., 
 [11 11 11 ..., 12 12  7]
 [11 11 11 ..., 13 13  7]
 [11 10 10 ..., 12 12  6]]
[[ 5  5  4 ...,  6  6  5]
 [ 5  5  5 ...,  6  7  5]
 [ 5  5  5 ...,  7  7  5]
 ..., 
 [11 11 11 ..., 14 13  7]
 [10 10 10 ..., 12 12  7]
 [10 11 10 ..., 12 11  6]]
[[ 4  4  4 ...,  6  6  5]
 [ 5  5  5 ...,  7  6  5]
 [ 5  5  5 ...,  7  7  5]
 ..., 
 [10 11 11 ..., 12 12  7]
 [10 10 10 ..., 13 12  7]
 [10 10 10 ..., 12 12  6]]
[[ 4  4  4 ...,  6  6  5]
 [ 6  5  5 ...,  6  6  5]
 [ 5  5  5 ...,  7  7  5]
 ..., 
 [11 11 11 ..., 13 12  7]
 [11 11 11 ..., 12 12  7]
 [11 11 11 ..., 11 11  7]]
[[ 4  4  4 ...,  6  6  5]
 [ 5  5  5 ...,  7  6  5]
 [ 5  5  5 ...,  7  7  5]
 ..., 
 [10 11 11 ..., 13 12  7]
 [10 10 10 ..., 13 12  7]
 [11 10 10 ..., 13 12  7]]
[[ 4  4  4 ...,  6  6  5]
 [ 5  5  5 ...,  7  6  5]
 [ 5  5  5 ...,  7  7  5]
 ..., 
 [11 10 10 ..., 14 13  7]
 [10 10 10 ..., 13 12  7]
 [10 10 10 ..., 12 12  7]]
[[ 4  4  4 ...,  6  6  5]
 [ 5  5  5 ...,  6  7  5]
 [ 5  5  5 ...,  7  7  5]
 ..., 
 [11 11 10 ..., 13 12  7]
 [10 11 10 ..., 13 13  7]
 [10 11 11 ..., 13 12  7]]
[[ 4  4  4 ...,  6  6  5]
 [ 5  5  5 ...,  7  6  5]
 [ 5  5  5 ...,  7  7  5]
 ..., 
 [11 11 11 ..., 13 12  7]
 [11 11 11 ..., 13 12  6]
 [10 11 11 ..., 13 12  6]]
[[ 4  4  4 ...,  6  6  5]
 [ 5  5  5 ...,  7  7  5]
 [ 5  5  5 ...,  7  7  5]
 ..., 
 [11 11 11 ..., 13 12  7]
 [11 11 12 ..., 13 12  7]
 [10 11 11 ..., 12 12  7]]
[[ 4  4  4 ...,  6  6  5]
 [ 5  5  5 ...,  7  6  5]
 [ 5  5  5 ...,  7  7  5]
 ..., 
 [10 11 11 ..., 13 12  7]
 [10 11 11 ..., 13 13  7]
 [10 11 10 ..., 12 12  7]]
[[ 4  4  4 ...,  6  6  5]
 [ 5  5  5 ...,  7  6  5]
 [ 5  5  5 ...,  7  7  5]
 ..., 
 [11 11 11 ..., 13 12  7]
 [11 11 11 ..., 13 12  7]
 [11 10 10 ..., 12 12  7]]
[[ 4  4  4 ...,  7  6  5]
 [ 5  5  5 ...,  7  6  5]
 [ 5  5  5 ...,  7  7  5]
 ..., 
 [10 11 10 ..., 13 13  7]
 [11 11 11 ..., 13 12  7]
 [10 10 11 ..., 12 11  7]]
[[ 4  4  4 ...,  6  6  5]
 [ 5  5  5 ...,  7  6  5]
 [ 5  5  5 ...,  7  7  5]
 ..., 
 [11 10 10 ..., 13 13  7]
 [10  9 10 ..., 13 13  7]
 [ 9  9 10 ..., 13 12  7]]
[[ 4  4  4 ...,  7  6  5]
 [ 5  5  5 ...,  7  6  5]
 [ 6  5  5 ...,  7  7  5]
 ..., 
 [11 11 11 ..., 14 13  7]
 [11 11 10 ..., 13 13  7]
 [ 9 10 10 ..., 13 12  7]]
[[ 4  4  4 ...,  7  6  5]
 [ 5  5  5 ...,  6  6  5]
 [ 5  5  5 ...,  7  7  5]
 ..., 
 [11 11 12 ..., 12 12  7]
 [11 11 11 ..., 13 12  7]
 [12 12 11 ..., 12 11  7]]
[[ 4  4  4 ...,  6  7  5]
 [ 5  5  5 ...,  7  6  5]
 [ 6  5  5 ...,  7  7  5]
 ..., 
 [11 11 11 ..., 13 13  7]
 [11 10 10 ..., 12 12  7]
 [10 10 10 ..., 12 11  6]]
[[ 4  4  4 ...,  7  6  5]
 [ 5  5  5 ...,  7  6  5]
 [ 5  5  5 ...,  7  7  5]
 ..., 
 [11 11 11 ..., 13 13  7]
 [11 10 10 ..., 12 12  7]
 [10 10 10 ..., 12 11  7]]
[[ 4  4  4 ...,  6  6  5]
 [ 5  5  5 ...,  7  7  5]
 [ 5  5  5 ...,  7  7  5]
 ..., 
 [11 10 10 ..., 13 13  7]
 [11 11 11 ..., 13 12  7]
 [10 10 10 ..., 12 11  7]]
[[ 4  4  4 ...,  6  6  5]
 [ 5  5  5 ...,  7  7  5]
 [ 5  5  5 ...,  7  6  4]
 ..., 
 [10 10 10 ..., 12 12  7]
 [10 10 11 ..., 13 12  7]
 [10 10 10 ..., 12 12  7]]
[[ 4  4  4 ...,  6  7  5]
 [ 5  5  5 ...,  6  6  4]
 [ 5  5  5 ...,  7  7  5]
 ..., 
 [10 10 11 ..., 13 13  7]
 [11 10 10 ..., 13 12  7]
 [11 10 11 ..., 12 11  7]]
[[ 4  4  4 ...,  6  7  5]
 [ 5  5  5 ...,  6  6  4]
 [ 5  5  5 ...,  7  7  5]
 ..., 
 [10 10 11 ..., 12 12  7]
 [11 11 11 ..., 12 12  7]
 [10 11 11 ..., 12 12  7]]
[[ 4  4  4 ...,  6  6  4]
 [ 5  5  5 ...,  6  6  5]
 [ 5  5  5 ...,  7  6  5]
 ..., 
 [10 10 10 ..., 13 13  7]
 [10 10 10 ..., 12 12  7]
 [11 11 10 ..., 12 11  7]]
[[ 4  4  4 ...,  7  7  5]
 [ 5  5  5 ...,  6  6  4]
 [ 5  5  5 ...,  7  7  5]
 ..., 
 [10 11 11 ..., 12 12  7]
 [11 11 11 ..., 11 12  6]
 [10 11 11 ..., 11 11  6]]
[[ 4  4  4 ...,  6  6  5]
 [ 5  5  5 ...,  6  6  5]
 [ 5  5  5 ...,  6  6  4]
 ..., 
 [11 11 11 ..., 13 13  7]
 [11 11 10 ..., 13 12  7]
 [11 11 11 ..., 11 11  6]]
[[ 5  5  4 ...,  5  6  4]
 [ 5  5  5 ...,  7  7  5]
 [ 5  5  5 ...,  7  7  5]
 ..., 
 [11 11 11 ..., 13 13  7]
 [11 12 11 ..., 12 12  6]
 [11 10 10 ..., 12 12  7]]
[[ 4  4  4 ...,  6  6  5]
 [ 5  5  5 ...,  7  6  5]
 [ 5  5  5 ...,  7  7  5]
 ..., 
 [12 13 12 ..., 13 13  8]
 [12 12 12 ..., 13 12  7]
 [12 11 11 ..., 12 11  6]]
[[ 4  4  3 ...,  7  7  5]
 [ 6  6  5 ...,  6  6  5]
 [ 5  5  5 ...,  7  6  5]
 ..., 
 [11 11 11 ..., 13 13  7]
 [11 11 11 ..., 12 12  7]
 [11 11 11 ..., 12 12  7]]
[[ 4  4  4 ...,  7  7  5]
 [ 5  5  5 ...,  7  6  5]
 [ 5  5  5 ...,  7  7  5]
 ..., 
 [11 11 11 ..., 13 13  7]
 [10 10 11 ..., 13 12  7]
 [10 10 10 ..., 12 11  6]]
[[ 4  4  4 ...,  6  6  5]
 [ 6  5  5 ...,  7  7  5]
 [ 5  5  5 ...,  7  6  5]
 ..., 
 [12 12 11 ..., 13 12  7]
 [11 11 11 ..., 12 13  7]
 [12 12 12 ..., 12 12  7]]
[[ 4  4  4 ...,  7  6  5]
 [ 5  5  5 ...,  7  6  5]
 [ 5  5  5 ...,  7  7  5]
 ..., 
 [12 12 12 ..., 13 13  7]
 [11 12 12 ..., 13 12  7]
 [11 11 11 ..., 13 12  7]]
[[ 4  4  4 ...,  6  6  5]
 [ 5  5  5 ...,  7  6  5]
 [ 6  5  5 ...,  7  7  5]
 ..., 
 [11 11 11 ..., 12 13  7]
 [12 12 12 ..., 13 13  7]
 [12 11 11 ..., 12 12  7]]
[[ 4  4  4 ...,  7  6  5]
 [ 5  5  5 ...,  7  7  5]
 [ 6  5  5 ...,  7  7  5]
 ..., 
 [12 12 13 ..., 13 13  7]
 [12 12 12 ..., 12 12  6]
 [12 12 12 ..., 12 12  7]]
[[ 4  4  4 ...,  6  6  5]
 [ 5  5  5 ...,  6  6  5]
 [ 5  5  5 ...,  7  7  5]
 ..., 
 [11 12 12 ..., 14 13  7]
 [12 12 12 ..., 12 13  7]
 [12 12 11 ..., 11 11  6]]
[[ 4  4  4 ...,  7  6  5]
 [ 5  5  5 ...,  6  6  5]
 [ 5  5  5 ...,  7  6  5]
 ..., 
 [12 11 12 ..., 13 13  7]
 [11 11 11 ..., 13 12  7]
 [11 11 11 ..., 11 12  6]]
[[ 4  4  4 ...,  6  6  5]
 [ 5  5  5 ...,  7  6  5]
 [ 5  5  5 ...,  7  7  5]
 ..., 
 [12 12 12 ..., 13 12  7]
 [12 11 11 ..., 12 12  7]
 [11 12 12 ..., 12 12  7]]
[[ 4  4  4 ...,  6  6  5]
 [ 5  6  5 ...,  7  7  5]
 [ 5  5  5 ...,  7  7  5]
 ..., 
 [11 11 11 ..., 13 12  7]
 [12 12 11 ..., 13 13  7]
 [11 12 11 ..., 12 12  7]]
[[ 4  4  4 ...,  6  7  5]
 [ 5  5  5 ...,  7  6  5]
 [ 5  5  5 ...,  7  7  5]
 ..., 
 [11 12 12 ..., 13 13  7]
 [11 11 11 ..., 13 13  7]
 [10 11 10 ..., 13 12  7]]
[[ 4  4  4 ...,  6  6  5]
 [ 5  5  5 ...,  6  6  5]
 [ 5  5  5 ...,  7  6  5]
 ..., 
 [11 11 11 ..., 13 13  7]
 [11 11 11 ..., 13 12  7]
 [11 11 11 ..., 12 12  7]]
[[ 4  4  4 ...,  6  6  5]
 [ 5  5  5 ...,  7  6  5]
 [ 5  5  5 ...,  7  7  5]
 ..., 
 [11 12 11 ..., 13 13  7]
 [11 11 11 ..., 13 12  7]
 [11 11 11 ..., 12 12  7]]
[[ 4  4  4 ...,  6  6  5]
 [ 5  5  5 ...,  6  7  5]
 [ 5  5  5 ...,  7  7  5]
 ..., 
 [11 11 11 ..., 13 12  7]
 [10 11 11 ..., 12 12  7]
 [10 11 11 ..., 11 11  7]]
[[ 4  4  4 ...,  6  6  5]
 [ 5  5  5 ...,  7  6  5]
 [ 5  5  5 ...,  7  7  5]
 ..., 
 [12 11 11 ..., 13 12  7]
 [10 10 11 ..., 12 12  7]
 [11 11 10 ..., 11 11  7]]
(144, 192)
